6504156455
6504219838
6504313924
6504410625
6504787247
6504791283
6505492186
6505534573
6505679427
6505790122
6505831676
6505871745
6506080350
6506098707
6506132280
6506150380
6506179694
6506253722
6506293758
6506340622
6506368439
6506406248
6506424953
6506470218
6506497056
6506529440
6506548740
6506582748
6506586230
6506615965
6506634040
6506696591
6506712112
6506715424
6506736837
6506739304
6506784770
6506791951
6506851734
6506867239
6506879679
6506888698
6506903313
6506914507
6506956761
6507006348
6507012895
6507031713
6507097211
6507144159
6507197565
6507280325
6507283786
6507302561
6507324803
6507403091
6507427509
6507427550
6507450528
6507528431
6507539592
6507548054
6507608487
6507709181
6507774283
6507795848
6507833361
6507839657
6507857801
6507865068
6507908258
6507909800
6508115459
6508121254
6508261955
6508292176
6508315514
6508343358
6508374548
6508392925
6601909388
6601924638
6601967938
6601968072
6601973195
6602070349
6602093856
6602106001
6602112182
6602120097
6602127734
6602140475
6602155413
6602166759
6602199429
6602214504
6602216908
6602223823
6602242627
6602243911
6602250597
6602265257
6602292136
6602296008
6602297547
6602300749
6602329204
6602330719
6602335094
6602344716
6602371355
6602376808
6602380721
6602408971
6602479384
6602497944
6602498499
6602503268
6602515222
6602521727
6602537740
6602540516
6602542308
6602547633
6602581777
6602599474
6602644338
6602663838
6602668406
6602679023
6602682876
6602709160
6602712741
6602751652
6602778797
6602806859
6602813166
6602842116
6602869831
6602873920
6602887713
6602890791
6602921211
6602923646
6602938461
6602940560
6602956439
6602969881
6602974691
6602980858
6602985780
6602991281
6603007618
6603017948
6603019206
6603028499
6603031202
6603041582
6603045580
6603092199
6603116316
6603137668
6603138127
6603138618
6603156928
6603169100
6603173591
6603188890
6603196250
6603203951
6603205619
6603219392
6603226023
6603290473
6603294819
6603314950
6603328316
6603339034
6603339076
6603358243
6603370159
6603392339
6603398831
6603400527
6603432328
6603463737
6603491718
6603500394
6603545365
6603564425
6603568509
6603578434
6603602827
6603616091
6603619098
6603621216
6603631066
6603673705
6603692946
6603694982
6603696502
6603711082
6603714652
6603725188
6603727775
6603763357
6603767415
6603767516
6603799281
6603821059
6603822398
6603837459
6603871430
6603876423
6603918109
6603921406
6603922940
6603936098
6603947481
6603998219
6604071152
6701329317
6701333102
6701335641
6701337790
6701366133
6701386030
6701392522
6701398657
6701402791
6701411651
6701439525
6701454413
6701464806
6701524112
6701533742
6701545596
6701561781
6701563668
6701583862
6701624057
6701653693
6701672014
6701686599
6701691620
6701693203
6701694888
6701714360
6701731071
6701750932
6701751687
6701769226
6701773594
6701797233
6701800465
6701820384
6701824276
6701826547
6701848329
6701851204
6701864525
6701867669
6701873248
6701882487
6701917364
6701924954
7003286155
7003287158
7003294827
7003319003
7003323696
7003325545
7003327574
7003338052
7003341076
7003366947
7003381758
7003384103
7003404145
7003406304
7003412852
7003429619
7003469947
7003479971
7003514621
7003538204
7003545955
7003567682
7003568041
7003573214
7003583451
7003596900
7003623138
7003651730
7003654289
7003670253
7003690274
7003699644
7003714105
7003714752
7003724920
7003733509
7003797867
7003798796
7003820662
7003828922
7003835424
7003844223
7003847808
7003854089
7003866390
7003871803
7003891255
7003899264
7003946321
7003974907
7003975220
7003988757
7003991279
7003991802
7003997439
7004037926
7004079458
7004099018
7004106906
7004124475
7004125957
7004135207
7004140028
7004188643
7004204009
7004204914
7004262124
7004263107
7004263858
7004267804
7004279535
7004301621
7004321459
7004335889
7004365626
7004368480
7004383806
7004385993
7004434516
7004440051
7004446837
7004478466
7004482776
7004499490
7004512648
7004514094
7004517251
7004584113
7004585886
7004652499
7004692787
7004706828
7004710594
7004721895
7004730263
7004808967
7004827984
7004835697
7004836671
7004860497
7004866667
7004870776
7004874403
7004908025
7004918447
7004920463
7004949723
7004969980
7004971042
7005039618
7005044542
7005048322
7005050885
7005070850
7005092859
7005103070
7005112790
7005154744
7005193514
7005197787
7005221360
7005243876
7005247003
7005258230
7005271073
7005322848
7005353200
7005417484
7005428181
7005436591
7005445844
7005448427
7005508273
7005508548
7005516421
7005521622
7005526503
7005535093
7005620503
7005651423
7005676473
7005709613
7005711568
7005721224
7005722687
7005753978
7005758135
7005769087
7005813662
7005853064
7005856468
7005866039
7005866348
7005877111
7005880245
7005882217
7005890135
7005908149
7005952651
7006001229
7006005763
7006009187
7006056098
7006089174
7006108668
7006137984
7006139813
7006183722
7006185706
7006192297
7006193325
7006198606
7006231363
7006231606
7006250284
7006311975
7006322846
7006331391
7006354043
7006374142
7006421204
7006441302
7006464763
7006498204
7006510226
7006517516
7006537163
7006554943
7006575889
7006576208
7006651505
7006684228
7006694996
7006698084
7006719514
7006721339
7006721656
7006733421
7006741540
7006777864
7006787992
7006790588
7006816520
7006829153
7006851741
7006885967
7006898501
7006919089
7006919587
7006933419
7007029169
7007035977
7007039078
7007043030
7007053786
7007078486
7007101061
7007109179
7007111760
7007147705
7007183729
7101608933
7101623799
7101632622
7101647298
7101666878
7101712548
7101767719
7101793021
7101877709
7101892679
7101956756
7102009077
7102013103
7102063099
7102102174
7102105011
7102107297
7102127238
7102172313
7102184233
7102207253
7102214802
7102238493
7102253729
7102256654
7102307681
7102315821
7102336035
7102394350
7102407325
7102413227
7102423451
7102439597
7102451331
7102455457
7102464699
7102473373
7102501231
7102519383
7102528542
7102545582
7102571180
7102579852
7102586603
7102605570
7102635667
7102663495
7102670426
7102684068
7102694903
7102707637
7102729135
7102731508
7102744682
7102770386
7102799428
7102842696
7102846145
7102859155
7102861016
7102873425
7102919410
7102926910
7102935766
7102947002
7102966301
7103005104
7103026596
7103044037
7103074468
7103078330
7103086842
7103117272
7103127989
7103191241
7103261329
7103312820
7103323591
7103392997
7201373390
7201377922
7201383860
7201389395
7201414342
7201449735
7201486740
7201541510
7201541941
7201598824
7201653041
7201663741
7201681809
7201729604
7201770266
7201805669
7201809174
7201813153
7201892582
7201897090
7201940188
7201949843
7201964047
7202003834
7202026697
7202040467
7202111031
7202151970
7202166134
7202168327
7202189725
7202196193
7202236810
7202242633
7202277376
7202414937
7202417835
7202459747
7202492553
7202497847
7202543809
7202607958
7202618557
7202647514
7202683282
7202716217
7202789490
7202793879
7202830200
7202913255
7202934312
7202965513
7202986063
7203053778
7203056960
7203069715
7401559446
7401717941
7401752213
7401770749
7401772706
7401795794
7401797481
7401847041
7401885691
7402029688
7402040876
7402051780
7402069203
7402100229
7402136934
7402212366
7402276711
7402277259
7402307181
7402343194
7402354884
7402371773
7402446898
7402474274
7402494476
7402516217
7402536772
7402612745
7402653705
7402703070
7402706941
7402780690
7403110142
7403124759
7403191468
7403210074
7403237779
7403282431
7403302145
7403322521
7403337027
7403394163
7403421729
7403423939
7403450080
7403468105
7403508038
7403508342
7403567489
7403621884
7403680561
7403873062
7404001371
7404001635
7404005178
7404131803
7404221279
7404222083
7404246193
7404516949
7404660391
7404664018
7404666566
7404807182
7404837363
7404842614
7404938157
7404964393
7405263889
7405270696
7405481484
7405565451
7405580275
7405851740
7406308663
7406394118
7406465050
7406500681
7406521110
7406556350
7406965885
7407054228
7407065301
7407904780
7408260049
7409457533
7409752787
7409787981
7410080679
7410145881
7410153774
7410324664
7501447770
7501614182
7501659234
7501666305
7601390519
7601417124
7601559842
7701309571
7801326424
7801328351
7801363612
7801384618
7801451025
7801620367
7801627999
7801642225
7801670237
8048379500
8083798200
8101026700
8108458200
8202608200
8210979200
8214812500
8218924100
8254784900
8265657600
8273274100
8281002000
8290092500
8294358000
8295156100
8308152000
8326271500
8336313500
8349364500
8362540800
8363357900
8366673900
8390337400
8392642300
8406281700
8415732600
8415848100
8422757800
8423254700
8432881100
8450420300
8504529000
8513042200
8515103800
8517650500
8525791200
8531460800
8544187800
8550904800
8579625200
8583414800
8584945700
8585912900
8592149500
8593765000
8615868400
8621826000
8634611600
8638224800
8639527300
8641885100
8662353200
8697482800
8709893700
8710428200
8711347300
8713000400
8758138600
8832605700
8846874500
8855603600
8860381200
8873074400
8889287500
8898882700
8906409400
8907555000
8912905400
8917828200
8932274900
8937840900
8938099200
8943602000
8951641400
8961061700
8961338000
8970131600
8970496000
8977946300
8982302600
9133687000
9232362000
9235093200
9235634800
9243149700
9246836800
9270376500
9277747400
9337843600
9434635800
9435311800
9436928800
9533002000
9534854100
9535442700
9632874300
9633478700
9634891200
9638434600
9639124000
9733676700
9735062100
9735430600
9737381600
9738566400
9743752700
9744429500
9745811400
9746905000
9747731400
9839336500
9842397700
9842799600
10042948200
10244476200
10244652900
10244687200
10340051400
10439187300
10641301200
10739493700
10739727800
10739831700
10839689300
11142173400
11239518600
11540913800
11739032900
11838935600
12040259900
12139390200
12143283200
12239783200
12345357700
12445158100
12544939000
12545669100
12645350300
12760262300
12766705100
12769245900
12771391500
12774822200
12776520000
12777781000
12778150600
12792509400
12800081800
12800858300
12802750500
12805766900
12806109000
13006975200
13007940900
13009244900
13204881800
13307318200
13310275400
13403476100
13405806400
13407455500
13407499300
13408258500
13605743800
13605818000
13605957700
13607219600
13608047100
13608128800
13608218000
13609725600
13610978400
13612167400
13613228700
13907922300
14010018700
14015602700
14015710900
14016517800
14018275300
14018739300
14021418000
14022699300
14029825300
14030501000
14031834700
14032676400
14036817700
14058009000
14063108200
14063162200
14066833900
14319446500
14521750300
14523468700
14526213800
14527911300
14619843000
14622211400
14625556000
14628324200
14628562400
14631513100
14632312400
14632858000
14820028500
14826444300
14833970800
14834012300
14919805400
15021964300
15035515100
15044446400
15045386000
15048299500
15050419200
15063713600
15063948700
15064643700
15065978800
15066361100
15071754800
15077117100
15078243900
15080579100
15119774400
15128243900
15128307600
15131099400
15133342600
15220957000
15623216700
15724514600
15725278100
15725462500
15725653800
15751777800
15753969900
15755729900
15762855900
15764319200
15766028600
15831435200
15843233300
15843328700
15843465600
15843943400
15844364500
15844390900
15844435200
15844446500
15922139100
15922150400
15924308700
15924383600
16024811800
16025599200
16025674300
16028179400
16047325700
16063247200
16067962200
16069575600
16069752200
16069886900
16070297800
16136333000
16174346700
16174445800
16174566100
16174738100
16174758600
16175630200
16175788800
16176012000
16176501300
16176616200
16176790800
16177199000
16177239100
16202714800
16202836200
16229958100
16231369900
16232042800
16234717100
16241286400
16244827900
16301582200
16307862100
16309858800
16311326000
16316015600
16316079000
16317934700
16318680600
16402770900
16548784600
16549247900
16646874600
16686435400
16744169800
16744512400
16836002700
17344365800
17433545400
17433655800
17434188600
17435267000
17435393600
17435669500
18037978700
18038954600
18039042000
18039076900
18042122800
18436761800
18437211000
18633453500
18834149300
19337386500
19337823900
19640049400
19934578600
20433272000
20433777300
20734346800
21233724300
21234416400
21741532200
21742190000
21742323400
21742429900
21742756100
21742872300
21833638600
21833696700
21833744700
21834877200
21834884800
21834897500
21834964700
22034657500
22036416700
22037104400
22136449900
22234389600
22235331000
22333552600
22433688800
22433748100
22434216700
22633511900
22634859400
22635502800
22734005600
22734018500
22835915300
22935155000
22935173800
22936938900
22939575200
22950454000
22957933900
22959372800
22959391000
22978927500
22984809300
22985891900
23003420800
23003495600
23003641100
23003986400
23005616300
23007690700
23010189700
23012530600
23024376800
23025412600
23028926500
23034160100
23035226900
23036919000
23050318400
23090651600
23090806600
23091108200
23091735300
23093586100
23096694900
23097322300
23097444700
23099679200
23100964800
23111384000
23388237000
23388249600
23388508900
23388633900
23388744300
23388906400
23388922400
23389315100
23389819500
23390004100
23390475600
23390492600
23390519500
23390953100
23391052600
23391134800
23391246000
23391479400
23392385900
23395830400
23395980900
23396034200
23397538000
23466795500
23468063900
23469187500
23470222100
23470951400
23487218000
23487800100
23487802800
23489421000
23493632800
23494101600
23494282600
23497682500
23566358600
23570000400
23571100400
23666803300
23669178200
23766783300
23767590600
23971211000
23974651200
23975098700
23975750100
23977664700
23980276600
23982468800
23985866100
23988182700
23988490600
23991970400
23992354500
23996131200
24070762900
24077997200
24080007200
24166784000
24167346500
24169466300
24174174900
24176491700
24177442900
24177916900
24329717800
24330381000
24333623400
24339432600
24367036300
24382414300
24386015000
24391340000
24402656400
24447748400
24450724500
24451270700
24465642600
24466237600
24466527100
24466602800
24468306600
24468622700
24469154400
24470943700
24470949400
24473358200
24473367400
24473847600
24475135800
24476072700
24478053800
24479163700
24479446400
24479521300
24479551600
24479597400
24479634700
24512442400
24554121300
24721348700
24721727100
24722237300
24722663400
24722911600
24725819800
24726534400
24740924200
24759444000
24765629600
24766801400
24767363700
24775004400
24778151300
24779751700
24779993900
24802141600
24802572900
24822481300
24824392100
24824713000
24825225100
24831182300
24831248000
24921212900
25031633700
25121895500
25229280200
25630014700
25632444800
25632850000
25633344100
25636871400
25638651100
25639129000
25645513700
25649074500
25649792300
25651474800
25654560500
25723876400
25821553000
25823970300
25825338300
25922947000
25927414400
25927887800
25928232700
25928537800
25941902000
26026008000
26029009700
26030401800
26031517700
26035758300
26221967000
26321288200
26321443500
26321720900
26324947200
26325449700
26422280400
26425071400
26428470300
26431599600
26435347900
26531640300
26537753000
26538322000
26538860100
26633217800
26636309100
26639682200
26639722300
26640324300
26640679500
26641588900
26643059400
26643877900
26644554400
26645120100
26647591200
26647696500
26650229000
26653452200
26654017700
26654285000
26658334600
26658992700
26665399300
26666131100
26666425600
27467941800
27867520200
27867623300
31267508600
31767553900
32067463800
32867832800
33567633300
34067642000
34267612100
34869938000
34875341800
34879559600
34879711300
34881955600
34968940300
34969591000
34970899300
34976703300
35068075200
35068665400
35069665800
35069683500
35069749800
35070547400
35076163900
35092182000
35102129100
35102429700
35113117600
35113186900
35114097300
35117945300
35145806900
35147119700
35172733200
35172848700
35177592600
35178578300
35190271000
35190538000
35191759100
35193553100
35198710600
35201378000
35207032000
35207416600
35213389000
35220320400
35220373000
35221401600
35222708000
35223316600
35229206900
35231746900
35235920500
35236039500
35239261300
35243768100
35253775800
35254246400
35264289500
35265014200
35268120600
35269306700
35269786700
35271881600
35280748900
35299450500
35300440500
35301806000
35302223900
35303518100
35305948000
35311777300
35312809900
35315878500
35322750400
35326047500
35332763700
35335647500
35339641900
35345690400
35351332100
35375703700
35378601700
35387461600
35396396200
35404983600
35408866200
35416951600
35421281200
35422829700
35428104500
35431788400
35435779500
35468571400
35483096800
35484845000
35485070200
35485160100
35496082000
35496384100
35497782900
35502711100
35512445400
35513758900
35519520300
35520569600
35546900100
35547742300
35554798200
35556329400
35556997000
35558675700
35560440800
35561229800
35562059300
35566095900
35572085000
35573508600
35576381000
35579080000
35580673400
35581214400
35582689700
35584786200
35585518400
35587472100
35588601100
35589119600
35589382200
35589927500
35594285800
35594926600
35600180100
35601079400
35602468700
35611132500
35612842600
35618784700
35730239200
35733643500
35740176000
35742852700
35746897300
35747597100
35748692700
35751043100
35752795500
35753311800
35753798900
35756146700
35763904600
35766614800
35766898100
35772793800
35773784200
35774138800
35774206300
35774230000
35774278400
35774284900
35774330500
35782118100
35782182200
35791039000
35795724100
35796149100
35797253100
35809752900
35811105600
35901712900
35932458400
35942949800
35974859700
35995574800
35996035600
36007982800
36012928800
36015138800
36018650200
36020849500
36021907300
36022079200
36022404600
36024182900
36025074900
36027010700
36028700900
36055815400
36058211200
36064230700
36068352800
36091095500
36097538900
36105242300
36106217600
36117350800
36117612000
36124897500
36129029900
36133982600
36148515800
36154679600
36159348600
36162805500
36167013900
36170318900
36171321600
36171857000
36174299900
36174906700
36175807500
36196346300
36198889500
36344189400
36348905100
36350646600
36443008900
36444841100
36444974500
36448291000
36469789300
36471114000
36471371600
36473614900
36476633700
36476641600
36476826300
36494160900
36494515000
36494658000
36503863900
36509524500
36515029200
36515501500
36515882700
36516078000
36536969400
36538455500
36548153500
36551287900
36554120800
36554719200
36561380700
36572144400
36600469000
36602733900
36606731400
36608288800
36615627800
36618383900
36619234800
36622501700
36623810900
36629425600
36629723700
36629868300
36634900700
36640802500
36669171300
36671261500
36672662300
36674549600
36681849800
36696075900
36698409800
36699444900
36699715600
36706361500
36708632000
36717398200
36717896600
36718299600
36718527300
36720287600
36728218300
36730051600
36738992800
36739131800
36769626700
36781722700
36782937500
36788177800
36791318700
36802202100
36806732500
36811012900
36813330600
36813378200
36813405300
36813786200
36814021500
36814280100
36814537200
36814917100
36814974000
36832339300
36860404100
36871408500
36905332200
36917272600
36944488700
36955193400
36959913600
36976315000
36976596100
36979783900
36986914600
36987001200
36988851000
36989298200
37008190200
37013572500
37013947400
37014004700
37015754900
37031730700
37034949200
37036259000
37039322000
37056640500
37060701000
37062091300
37063659600
37068151700
37076397600
37083868500
37085526900
37087876100
37088185900
37099188700
37101591100
37102361800
37102556300
37110012800
37110475500
37114624900
37118994300
37122670100
37125345300
37161238700
37562095300
37761842400
37761906300
38361019100
38361516100
38362039000
38461008500
38461665200
38663152300
39161969600
40161907400
40661921600
41861326300
42461049200
42661204500
42761875000
42762265200
42962124200
42962265200
43061075100
43261203900
43261429500
43760945400
43761459700
43861409600
43861493900
44361489400
44560993900
45061085200
45761302500
46661903700
46961446300
47161373700
48161588600
48661122100
48661533100
49662707900
49662983500
49664472800
49764134900
49862139500
49962715800
49963364600
51461205400
51764431400
52163923900
52165084800
52263284200
52763191800
52863203100
53263400800
53867328700
53881190400
53979719800
53982504600
53983988500
54082612500
54386225100
54390662600
54391049700
54394671200
54401717000
54417994100
54418027200
54421185700
54684557500
54781639500
54784149500
54784481300
54784740600
54785928600
54787128200
54787591800
54787883000
54788035900
54788125400
54788130500
54789550300
54790535600
54790888500
54791576500
54883355800
54891713400
54894010500
54906442400
54913865000
54931930600
54934008500
54938105400
54944838700
54956604500
54980367800
54982753400
54995665800
54997359300
55000510700
55008658800
55009801500
55010327200
55017666500
55022905600
55038270300
55056474500
55066376800
55101019100
55102863300
55112125000
55141799000
55157954300
55162106000
55176128300
55177988800
55183316700
55201354600
55203980200
55204891400
55204906000
55208825100
55210914600
55211820200
55214537900
55216351100
55221218400
55222631600
55226626100
55227017900
55227399700
55229513600
55235427200
55235701500
55242351100
55245698700
55246196000
55252953100
55253692000
55255161200
55261441000
55263126000
55263214600
55263312200
55270242100
55290819800
55293185500
55293207600
55303645000
55308386600
55312044700
55314563700
55315840300
55316896700
55317570100
55319978000
55320659100
55321078800
55322351600
55324808700
55325298800
55327394900
55328473600
55328667800
55330817500
55331521300
55335068200
55338118600
55341752200
55341945300
55342635100
55347702600
55347776600
55351228300
55354479400
55356699400
55359092900
55359920000
55359989800
55361442200
55361742100
55361885700
55365538400
55365689100
55365913900
55365963900
55368004300
55372039400
55373097500
55383716500
55388280900
55388553800
55390149500
55390216900
55417742600
55419110800
55424218700
55425962400
55426560900
55428259600
55435067200
55441205000
55441384700
55444274800
55444496600
55444775600
55446314200
55446500100
55450961200
55453303600
55466228100
55468658600
55473622600
55478556400
55478828800
55478999600
55479236500
55479969700
55479977600
55482352100
55485939100
55486043000
55486118200
55486576300
55487307900
55488384200
55490214400
55493184700
55494221000
55498620000
55499759100
55500018600
55500665800
55500892700
55503813000
55506174300
55510306600
55511177800
55515426600
55516287400
55516624100
55516766800
55516869500
55516939100
55523255600
55523969600
55524303700
55533798400
55533866700
55539433700
55539738700
55540052000
55542266400
55542319800
55542685000
55547018500
55547087600
55547117794
55552994300
55553729476
55555833700
55556123600
55556196400
55560624700
55561499900
55561608300
55562299800
55565904300
55566528400
55566728400
55568215400
55569192700
55578873300
55580963900
55582745700
55586863800
55588927100
55589684700
55596930400
55601930100
55602702200
55604034200
55604543200
55607560800
55608130400
55608448200
55614612700
55614614800
55617316100
55619405500
55620916000
55621717700
55622329400
55625230600
55626242200
55627972400
55628066200
55628341300
55628537669
55629099400
55634101700
55634510800
55635418400
55636014100
55636422900
55637018900
55637218000
55639118500
55642403900
55642450600
55645309700
55647096900
55647475500
55648097800
55648158400
55651759100
55651938200
55657114100
55657807300
55659906400
55664630000
55664779600
55665002100
55666336400
55667274200
55670857800
55681378900
55681659900
55687460600
55694220700
55695285000
55695306500
55695409600
55695562500
55697067400
55698821500
55700032400
55700580700
55701875500
55702885500
55703108500
55703630600
55704460100
55705001600
55706178600
55707075700
55711761700
55712514500
55714034400
55717793400
55719364900
55719821000
55719990600
55724600500
55724680900
55728211700
55728283300
55731054400
55732146000
55734201900
55736793600
55737389000
55742196400
55746726200
55750778700
55754163500
55755433900
55758395100
55759503300
55760212200
55760984800
55761247300
55763033900
55763482600
55765018700
55765736300
55774131500
55774942100
55775348600
55776361200
55779153600
55787519500
55788988500
55796696700
55797293500
55802016200
55802371441
55802645800
55803465300
55803972900
55806851900
55808897400
55813237300
55813913300
55817281300
55817931000
55819160900
55821196100
55822540700
55824326600
55826618900
55827621600
55829757600
55831550900
55833232100
55838259700
55838511107
55839494200
55841179400
55841504400
55841624800
55842236300
55842468000
55843467900
55843958400
55844081500
55844407000
55845975200
55846120000
55847745000
55851945581
55878519300
55879054500
55881530200
55883638800
55885488600
55886454500
55887121300
55888165100
55888325500
55892003500
55892013900
55892336700
55894496700
55894681500
55897659800
55898685000
55901188300
55901639500
55902936800
55902954800
55903178000
55903211100
55903330400
55903336200
55903414600
55903539200
55903611500
55903676500
55903887600
55904315000
55904488700
55904685100
55908811700
55910402100
55911359200
55913239600
55915055000
55915164900
55915368100
55918037700
55920466700
55923466000
55927783700
55927861800
55930939400
55931825200
55934387100
55935188000
55937224200
55938126400
55938920100
55939256800
55941156800
55942724000
55943067400
55944850500
55945145100
55949377400
55951674000
55951945800
55953819300
55953847000
55954115000
55957705900
55963097300
55966443200
55967393500
55974326100
55974983700
55975499300
55976622500
55976804500
55977592000
55978157800
55978267200
55989023000
55996697300
55999734500
56002118700
56003117800
56005515100
56008207000
56008583300
56019490500
56020632300
56024390800
56024401200
56025118600
56025890400
56027880200
56027991700
56028192500
56028473400
56028854400
56034465900
56034849500
56035671000
56036866100
56037345900
56039667300
56039687500
56039851600
56045609700
56046109300
56046733400
56052857600
56056204100
56057093200
56065673700
56067074100
56070704000
56072331500
56072897900
56079070000
56079945900
56081392100
56081498300
56083885000
56085657400
56089143200
56089213700
56091303400
56095798200
56097263400
56097566000
56102274900
56103919100
56110229800
56110514900
56113158800
56113699500
56113888800
56114971500
56115675100
56116297700
56116882500
56118794200
56118806800
56126103700
56127267200
56132656300
56133824100
56136494400
56145146600
56145378900
56145610500
56151012000
56154985600
56155340000
56155997200
56156786800
56156792800
56158587900
56163256100
56169454900
56170742200
56171850000
56175085900
56179257000
56179581200
56180570600
56181718800
56182014200
56185345000
56185826500
56187656600
56187687700
56192181900
56197344900
56200357600
56206323300
56207842400
56210512900
56212801900
56216881700
56222155600
56222267100
56223111300
56225688100
56227547200
56233373500
56237469200
56237659700
56240603000
56243077900
56243379000
56251250500
56252850800
56254310000
56255072300
56255289500
56255356600
56256047500
56259926900
56260625800
56268463300
56270608400
56270651500
56271196700
56271441000
56278383700
56283355800
56283966500
56286962400
56287010700
56288715500
56288731200
56290438100
56293748900
56293970400
56295883500
56312796000
56316054700
56316669100
56323002700
56335546800
56342109400
56342621300
56344020900
56344609500
56346510400
56346813900
56346849600
56346971000
56350402600
56358144100
56360769500
56365687600
56367776900
56369038500
56369637100
56369870400
56377405900
56380565900
56380816200
56383497100
56387665400
56389788600
56392527800
56396782300
56401477800
56401541800
56406898800
56408916100
56409223700
56412897800
56414528100
56414900700
56420693600
56425377800
56428306900
56430987200
56437498200
56438623800
56441771300
56442845500
56445301900
56447590700
56454386500
56464247900
56464661700
56465925500
56470015000
56470052400
56477910700
56479553400
56480249400
56485273600
56487197100
56487908000
56488055400
56489914600
56490310200
56491910500
56494313000
56494395600
56496415200
56496515200
56496547600
56499353600
56508595700
56509113200
56510723800
56511414000
56511550000
56512484900
56518475900
56522624000
56524801700
56524964100
56526347500
56527532700
56527876700
56541509000
56542523500
56542749700
56545252300
56548185900
56555562800
56560068100
56561604200
56562670400
56563988500
56564865600
56567283900
56568218700
56571903100
56572769800
56574555500
56579803600
56584780900
56587393300
56590815800
56590874100
56591895200
56596141600
56596239900
56597097800
56597801700
56599478500
56600222100
56604401900
56605893000
56605942100
56609412500
56610232100
56625057300
56627703100
56640115700
56641574500
56645016200
56647023400
56647135200
56647162100
56647294100
56647435800
56647466900
56647524300
56647718700
56647800300
56647802400
56647866000
56647873300
56647897200
56647914300
56647927000
56648069800
56648102700
56648161800
56648184300
56650346500
56650789600
56658127700
56660780300
56661355900
56667384500
56668637700
56668899100
56673113000
56674544400
56682755100
56683770200
56685261500
56692861700
56693218900
56695364400
56698992000
56701209100
56701636400
56703438000
56704091600
56710762300
56715172500
56715227000
56717532900
56719309000
56724275700
56726967000
56728558500
56730038800
56734184700
56734494800
56735187900
56741519000
56743348300
56754727900
56755080200
56765829100
56767408700
56771293200
56781480500
56783602700
56786372500
56786415400
56790074100
56798334600
56800904900
56803464900
56808642200
56808858000
56809110800
56809459200
56813914400
56816145200
56816204200
56816397100
56819824100
56819887200
56823399700
56825319300
56826052200
56829113900
56829549000
56830058500
56830561700
56834296100
56835321800
56841031200
56841070700
56841699600
56845531100
56845569400
56857496100
56865084100
56866440800
56872670500
56878724200
56884430700
56888785600
56893210900
56896094300
56899176100
56902334800
56906759200
56906873100
56912293100
56921735200
56924373200
56925934300
56926115500
56928206200
56937627100
56939229500
56939613000
56940166000
56941465600
56942825100
56943012100
56943118600
56943328800
56943485300
56948522000
56958359400
56962761500
56963164200
56964296000
56966315000
56967486200
56970277800
56972881100
56974236600
56975729200
56991662700
56994068500
56997401400
57000703800
57004380200
57004746900
57004909300
57006789000
57014167900
57016064600
57021762100
57022530500
57022568200
57024178400
57024774200
57027520400
57037705200
57038198100
57038433000
57038463800
57038502800
57038863700
57038950700
57039036400
57039109600
57039124000
57039196500
57039198700
57039248300
57052487400
57052661700
57053621900
57054849800
57057124600
57070619000
57073913600
57075254100
57075335300
57076191400
57076226000
57078031000
57080550900
57082649600
57110319800
57125056900
57125561300
57126375500
57130927500
57133054500
57137804900
57138772700
57140980900
57141228600
57142920100
57143738500
57149577700
57155473300
57157756900
57158350300
57159246600
57160354500
57162922700
57162936300
57163806000
57163811300
57164249100
57169710000
57170180000
57185134000
57187950700
57188538034
57188572842
57188574365
57188580121
57188586624
57188634189
57188639785
57188642151
57188663849
57188670706
57188676383
57188683983
57188694923
57188697677
57188697721
57188720091
57188727792
57188733117
57188740067
57188756085
57188816402
57188826453
57188828713
57188850591
57188859890
57188866318
57188872882
57188882052
57188925764
57188962661
57188967015
57188987287
57188987425
57188994039
57189003074
57189026245
57189041391
57189045849
57189049243
57189091368
57189237619
57189252140
57189341544
57189351098
57189360934
57189387628
57189445521
57189574906
57189580298
57189583721
57189598326
57189599267
57189688719
57189688865
57189689424
57189715038
57189845828
57189849074
57189888589
57189901105
57189946766
57189988281
57189993510
57190013652
57190169954
57190190446
57190191829
57190213667
57190221331
57190224445
57190278320
57190288840
57190294397
57190416449
57190666896
57190673111
57190682570
57190682623
57190702374
57190730847
57190743875
57190816088
57190818365
57190838915
57190839462
57190868628
57190947339
57190985266
57190987494
57191042265
57191171613
57191255092
57191275291
57191283469
57191290165
57191290673
57191344338
57191379260
57191405958
57191429375
57191477603
57191493017
57191498961
57191505036
57191519845
57191612675
57191624112
57191681488
57191699714
57191707137
57191725566
57191830890
57191836240
57191854649
57191888628
57191922316
57191926803
57191965055
57191965761
57191966867
57191991513
57192025713
57192062908
57192090595
57192099503
57192102964
57192166887
57192234285
57192256163
57192265713
57192266340
57192277066
57192313988
57192375316
57192383728
57192421944
57192428419
57192432184
57192433989
57192468936
57192541861
57192573305
57192576821
57192641560
57192643439
57192647258
57192661656
57192666566
57192667158
57192696377
57192708157
57192848170
57192879224
57192907886
57192916800
57192917718
57192917928
57192918170
57192919716
57192920031
57192923018
57192961032
57193015189
57193017432
57193081164
57193085711
57193155651
57193215094
57193215289
57193231465
57193263286
57193309114
57193310675
57193345128
57193413843
57193420695
57193421054
57193425078
57193426056
57193489804
57193508445
57193527225
57193534068
57193543786
57193550492
57193601341
57193609343
57193631176
57193632575
57193681286
57193691589
57193693178
57193699696
57193699848
57193716562
57193723190
57193735951
57193752568
57193760335
57193760389
57193761344
57193778200
57193916824
57193921165
57193952000
57194013364
57194021520
57194038745
57194045059
57194056385
57194058699
57194094756
57194094919
57194098853
57194125295
57194169823
57194176045
57194182535
57194184170
57194213400
57194217507
57194258677
57194272039
57194280907
57194286130
57194324632
57194326873
57194337704
57194349204
57194376793
57194394749
57194395678
57194398140
57194412479
57194443146
57194453641
57194455923
57194456374
57194496266
57194497290
57194507773
57194554934
57194556748
57194568340
57194576471
57194577242
57194608259
57194609962
57194626987
57194681568
57194684241
57194691845
57194702836
57194704542
57194707404
57194764980
57194773835
57194778845
57194797168
57194836030
57194836975
57194872185
57194941031
57194973215
57194994549
57195051920
57195063761
57195074951
57195102939
57195104665
57195152723
57195217853
57195218312
57195226966
57195228722
57195241890
57195248197
57195258893
57195259237
57195279005
57195288087
57195325543
57195347180
57195381396
57195401878
57195410121
57195424941
57195476014
57195481652
57195514580
57195526230
57195528321
57195528602
57195596110
57195604939
57195626868
57195627005
57195627868
57195717997
57195724094
57195726341
57195770993
57195775424
57195929341
57195943569
57195947263
57195974737
57196002815
57196020572
57196021745
57196066213
57196145233
57196186662
57196187718
57196187842
57196189774
57196191482
57196191850
57196193682
57196194328
57196195220
57196195738
57196196386
57196198269
57196326912
57196328218
57196344508
57196345421
57196354696
57196403291
57196425660
57196452963
57196469994
57196547768
57196598789
57196774429
57197064419
57197481587
57197612511
57197622126
57197711348
57197737278
57197750802
57197771195
57197792483
57197796698
57197822264
57197832302
57197840193
57197870716
57197872901
57197887530
57197984484
57198059073
57198293664
57198353841
57198420634
57198430801
57198448377
57198489492
57198646991
57198760619
57199103708
57199126768
57199169306
57199231773
57199328562
57199330081
57199370870
57199459306
57199474700
57199478972
57199805079
57199864492
57200040313
57200080970
57200093740
57200119389
57200146561
57200151487
57200175117
57200181549
57200206528
57200230765
57200255663
57200272750
57200276544
57200289352
57200319883
57200342065
57200364196
57200368880
57200377761
57200436843
57200614626
57200617029
57200653325
57200679767
57200684523
57200697812
57200720664
57200726511
57200731085
57200762721
57200781800
57200799579
57200816338
57200883458
57200887831
57200915789
57200938733
57200945317
57201004792
57201005440
57201007522
57201117791
57201119189
57201154559
57201198120
57201225828
57201236042
57201238593
57201255062
57201256597
57201263577
57201275431
57201289893
57201300404
57201316395
57201319632
57201320664
57201326160
57201334457
57201349854
57201365358
57201366304
57201408604
57201423926
57201474766
57201497952
57201502113
57201536264
57201552571
57201609995
57201615485
57201677218
57201690491
57201691767
57201702380
57201736872
57201787040
57201799804
57201849844
57201853624
57201858319
57201861216
57201862543
57201871498
57201897537
57201907148
57201916696
57201942926
57201978506
57201988092
57202004991
57202038142
57202076491
57202094962
57202108627
57202163561
57202256203
57202258536
57202258582
57202273307
57202292092
57202369760
57202374401
57202375643
57202418668
57202420499
57202467500
57202503522
57202580719
57202586415
57202589329
57202594359
57202612918
57202651118
57202730558
57202734212
57202760839
57202764910
57202856365
57202894664
57202922022
57202956039
57202959857
57202968797
57202970101
57202971437
57202972352
57202985246
57202997616
57203011432
57203018815
57203043324
57203047378
57203055301
57203078254
57203092806
57203097141
57203112276
57203119185
57203125877
57203133930
57203139196
57203150222
57203159097
57203167379
57203168682
57203190999
57203193357
57203209193
57203213539
57203213752
57203217226
57203228039
57203251389
57203260136
57203264050
57203267694
57203268145
57203288533
57203327587
57203348259
57203399371
57203399519
57203495794
57203547175
57203588547
57203591182
57203609387
57203624057
57203638167
57203640512
57203646198
57203648980
57203714638
57203727726
57203742744
57203746469
57203764124
57203770209
57203776910
57203835932
57203844023
57203844910
57203845058
57203854483
57203863785
57203867347
57203870204
57203927892
57203941523
57203941958
57203946889
57203947837
57203956443
57203962972
57203966852
57203989218
57203993125
57203993869
57204007621
57204012967
57204016807
57204022206
57204030313
57204030966
57204038426
57204048030
57204049070
57204057012
57204062603
57204070800
57204157639
57204160154
57204163531
57204164757
57204178405
57204181960
57204220417
57204257748
57204267567
57204298565
57204317585
57204339049
57204342918
57204364224
57204365585
57204369292
57204425560
57204425583
57204427896
57204438283
57204449031
57204450614
57204469919
57204470575
57204501348
57204530868
57204533373
57204539065
57204562617
57204565623
57204578035
57204583786
57204596408
57204628179
57204630506
57204633537
57204651250
57204651438
57204651805
57204653207
57204653355
57204653842
57204657904
57204659489
57204660804
57204662888
57204664678
57204664793
57204671670
57204672563
57204676003
57204677313
57204679167
57204679493
57204679765
57204681675
57204683736
57204686898
57204721614
57204741320
57204756725
57204770601
57204770966
57204862041
57204897043
57204912311
57204917845
57204922250
57204951759
57204953137
57205027295
57205039404
57205068022
57205123376
57205157293
57205211137
57205212352
57205240061
57205300932
57205340808
57205359687
57205379907
57205401204
57205422474
57205423062
57205433763
57205442787
57205444674
57205485458
57205531678
57205542649
57205543215
57205570906
57205583926
57205584254
57205632816
57205633447
57205633606
57205637717
57205677781
57205680240
57205685990
57205686403
57205702496
57205722830
57205741561
57205753419
57205790441
57205882511
57205913749
57206103977
57206134008
57206138408
57206150215
57206214747
57206220007
57206270380
57206279991
57206295095
57206472176
57206485152
57206507806
57206523843
57206569524
57206604355
57206624558
57206628653
57206670639
57206675586
57206897923
57206898574
57206899099
57206923926
57206954399
57207106054
57207108438
57207109031
57207112574
57207116045
57207118006
57207160916
57207167949
57207192767
57207194977
57207245133
57207267838
57207376190
57207453859
57207464317
57207489835
57207544312
57207568343
57207577042
57207585813
57207614366
57207690983
57207694300
57207733450
57207734268
57207737615
57207741733
57207758594
57207764348
57207777311
57207815693
57207827686
57207828053
57207883216
57207918723
57207932638
57207957748
57207981340
57207989997
57208025520
57208061282
57208205918
57208250860
57208282452
57208338049
57208341365
57208342398
57208370003
57208394338
57208426228
57208516730
57208528623
57208534638
57208551710
57208564031
57208565171
57208578862
57208580104
57208589903
57208610046
57208642189
57208662887
57208710278
57208718819
57208804200
57208821917
57208822382
57208838589
57208882155
57208883959
57208886270
57209003687
57209022211
57209072092
57209073413
57209102097
57209111033
57209172792
57209174578
57209179638
57209180318
57209181929
57209216829
57209234775
57209291504
57209297656
57209316563
57209362677
57209394968
57209395174
57209411789
57209416833
57209454099
57209475782
57209483970
57209509294
57209574254
57209591223
57209599638
57209630145
57209638890
57209638950
57209688898
57209691512
57209717358
57209738686
57209785902
57209802439
57209826647
57209837525
57209855670
57209878901
57209881988
57210111922
57210170910
57210216462
57210285550
57210334967
57210338777
57210338833
57210449079
57210454436
57210572795
57210587579
57210642731
57210643237
57210643512
57210647417
57210672065
57210732353
57210787367
57210797542
57210804676
57210828536
57210861425
57210861779
57210901500
57210932267
57211040623
57211042999
57211054576
57211074065
57211088328
57211106969
57211140979
57211160826
57211186757
57211207090
57211216004
57211216769
57211217138
57211219384
57211219389
57211293199
57211299730
57211334835
57211345640
57211406769
57211431921
57211438438
57211448305
57211492137
57211493632
57211518680
57211540253
57211583069
57211607387
57211625035
57211644900
57211646767
57211678112
57211713128
57211747209
57211818622
57211891345
57211914170
57211927437
57211963590
57211966373
57212000819
57212006375
57212006600
57212032011
57212092224
57212106077
57212107477
57212108494
57212150503
57212165779
57212183023
57212184331
57212199444
57212211888
57212214826
57212264757
57212464061
57212470053
57212483920
57212490435
57212511416
57212557379
57212591457
57212594517
57212736163
57212761510
57212806147
57212889818
57212897680
57212961624
57213120868
57213164472
57213252242
57213280672
57213417496
57213421763
57213588682
57213589070
57213589493
57213590817
57213591515
57213591885
57213592528
57213592941
57213592957
57213593425
57213594105
57213595192
57213595703
57213597021
57213600121
57213601003
57213601109
57213601806
57213604815
57213604972
57213605525
57213607826
57213671527
57213762416
57213811957
57213994140
57214094931
57214097515
57214120409
57214140180
57214143052
57214145082
57214146190
57214244481
57214337965
57214364925
57214599405
57214631839
57214663616
57214753012
57214781772
57214784288
57214797952
57214838576
57214860474
57214892629
57214930429
57214932755
57215001850
57215027481
57215041608
57215042662
57215082356
57215086370
57215111735
57215136585
57215138720
57215213776
57215220843
57215279919
57215287620
57215289544
57215309188
57215317335
57215321066
57215333383
57215333988
57215342430
57215344645
57215346975
57215355624
57215376805
57215409664
57215412061
57215419389
57215434404
57215505274
57215507189
57215527369
57215527612
57215536541
57215558012
57215560009
57215563982
57215588917
57215594708
57215653395
57215656358
57215694324
57215716496
57215834580
57215835008
57215864765
57215867481
57215897340
57215963690
57216093448
57216132809
57216144407
57216147070
57216148729
57216158183
57216197012
57216241753
57216243504
57216286792
57216287204
57216317790
57216360491
57216369986
57216394355
57216394593
57216395941
57216412945
57216439985
57216454022
57216460888
57216470163
57216520583
57216533861
57216538243
57216542727
57216548869
57216549770
57216591991
57216596244
57216612138
57216652024
57216687103
57216687138
57216687854
57216693141
57216694083
57216696166
57216759664
57216812545
57216820525
57216835158
57216847644
57216855127
57216860422
57216865085
57216909557
57216910482
57216919361
57216934333
57216947476
57216953003
57216967277
57216970329
57216989193
57217013173
57217021968
57217028180
57217028439
57217028914
57217036377
57217046988
57217062081
57217065896
57217070032
57217073445
57217079347
57217080107
57217105474
57217109427
57217123033
57217137154
57217167601
57217170755
57217259913
57217278920
57217281703
57217303750
57217309137
57217330711
57217359742
57217362926
57217445127
57217465353
57217517087
57217525170
57217533325
57217563085
57217632166
57217632709
57217682326
57217697241
57217846338
57217860851
57217861474
57218083132
57218106668
57218117763
57218135724
57218191379
57218206075
57218210067
57218213053
57218244048
57218244758
57218249771
57218251888
57218259436
57218271121
57218287146
57218290944
57218354097
57218354277
57218354920
57218355354
57218364416
57218364964
57218405320
57218419020
57218449023
57218449761
57218453157
57218455901
57218499411
57218503046
57218513920
57218518950
57218590762
57218596253
57218599713
57218602688
57218604182
57218622418
57218627545
57218644733
57218645150
57218648268
57218659586
57218664616
57218678668
57218682483
57218702809
57218704802
57218768390
57218791411
57218825642
57218828673
57218836635
57218836987
57218853289
57218860891
57218864394
57218875092
57218878354
57218918434
57218920674
57218925893
57218960588
57219004705
57219005122
57219005484
57219006006
57219006096
57219007102
57219007679
57219007874
57219009348
57219009774
57219009788
57219009848
57219010217
57219011267
57219012081
57219012084
57219012205
57219012560
57219012746
57219012891
57219012990
57219013127
57219014055
57219014285
57219014952
57219015203
57219015816
57219016230
57219017891
57219017944
57219027630
57219047943
57219111672
57219157154
57219170755
57219177869
57219182898
57219225740
57219229693
57219236256
57219238379
57219240592
57219246138
57219247719
57219294888
57219335549
57219359674
57219366583
57219372136
57219376673
57219390926
57219432756
57219448253
57219469236
57219489356
57219504950
57219511767
57219515826
57219525034
57219533248
57219550643
57219555493
57219568887
57219600577
57219632471
57219635428
57219673369
57219687391
57219695226
57219700732
57219709385
57219733961
57219734096
57219736881
57219740509
57219742881
57219752648
57219758680
57219779794
57219784005
57219785400
57219790960
57219791732
57219792558
57219792924
57219800320
57219802478
57219803642
57219826714
57219850371
57219860722
57219948659
57219970157
57219982475
57220046252
57220056628
57220067582
57220105888
57220107070
57220119218
57220187468
57220201519
57220203385
57220208207
57220240344
57220285937
57220399761
57220457245
57220567737
57220583041
57220593166
57220715193
57220752835
57220798714
57220865750
57220866962
57220883689
57220897695
57220899907
57220958941
57221011216
57221080839
57221113519
57221144550
57221146322
57221147606
57221151207
57221152188
57221152295
57221156179
57221228039
57221241815
57221248698
57221266489
57221282084
57221289070
57221290026
57221290664
57221317086
57221318085
57221318324
57221330488
57221332622
57221337049
57221337293
57221339629
57221340943
57221341831
57221347948
57221351550
57221356150
57221365635
57221381073
57221413596
57221416480
57221440947
57221472204
57221473246
57221474467
57221477764
57221499647
57221508045
57221509402
57221525796
57221542225
57221559577
57221564980
57221585349
57221591180
57221596785
57221601837
57221602804
57221605106
57221605634
57221613192
57221624154
57221661554
57221662767
57221674276
57221689348
57221702890
57221718095
57221750799
57221782700
57221796965
57221797974
57221802113
57221806101
57221813012
57221813333
57221862602
57221874508
57221875623
57221905964
57221910722
57221911279
57221919111
57221932839
57221933791
57221936675
57221962461
57222010088
57222024088
57222034957
57222047471
57222049047
57222057976
57222062202
57222064524
57222064980
57222073120
57222127494
57222127761
57222135107
57222150870
57222153931
57222168467
57222232673
57222239946
57222240785
57222274159
57222295757
57222310655
57222347556
57222347762
57222378852
57222379811
57222381258
57222402419
57222425820
57222476307
57222495611
57222501445
57222525765
57222537202
57222554259
57222565258
57222656741
57222657064
57222661263
57222709507
57222752451
57222760181
57222811486
57222868451
57222961747
57222967517
57223004470
57223021820
57223027565
57223035422
57223041925
57223043572
57223109534
57223129156
57223136665
57223160441
57223160674
57223228062
57223256848
57223308819
57223331337
57223342592
57223389117
57223400778
57223424351
57223431879
57223438915
57223450164
57223685835
57223700792
57223706450
57223735761
57223750077
57223772671
57223798606
57223852146
57223867255
57223874883
57223987194
57224074881
57224196449
57224207115
57224228344
57224272095
57224310759
57224317522
57224319816
57224405605
57224405746
57224410965
57224412096
57224412660
57224413244
57224413711
57224505054
57224508417
57224510563
57224516143
57224549894
57224696968
57224725902
57224754669
57224780908
57224822768
57224894062
57224919261
57224919672
57224931703
57224941062
57224942704
57224960304
57224974203
57224994730
57225040880
57225042585
57225047824
57225051980
57225081132
57225100102
57225111327
57225126301
57225142526
57225165520
57225186205
57225192812
57225217537
57225220624
57225247640
57225452374
57225884889
57225924760
57225950409
57226020618
57226081042
57226107753
57226109747
57226197070
57226201525
57226239334
57226240188
57226255131
57226260967
57226272641
57226279443
57226284185
57226318877
57226338433
57226340478
57226343704
57226382344
57226514194
57226516406
57226537802
57226572681
57226596745
57226637119
57226641607
57226645800
57226651440
57226737858
57226749612
57226767405
57226827056
57226869326
57226870363
57226878472
57227284600
57230123300
57231672800
57233003100
57233271600
57236321400
57237562400
57238800400
57238968800
57241019600
57242116600
57242306100
57242549600
57242935500
57243519600
57243609200
57243630200
57245389800
57245479000
57250363400
57250599000
57250778300
57251956100
57253681700
57256670000
57257578500
57257842800
57259702100
57259740900
57262566800
57262669900
57263787000
57263902200
57265027500
57267161600
57268871700
57269838600
57270186700
57271050200
57271235500
57271343400
57271569200
57274674700
57274724300
57274973700
57275353600
57276505400
57278490000
57279367200
57280350700
57281514700
57281749800
57283530800
57284128900
57284415100
57284853000
57285005800
57285809000
57286454000
57287008900
57290050600
57297027200
57299847000
57300332900
57301419500
57301451700
57304873500
57306022800
57310522900
57310876000
57313699900
57314523000
57314641200
57316048100
57316166000
57316561100
57316649200
57316878400
57318403100
57321713000
57322024800
57323280100
57323772000
57324260100
57324553500
57324643900
57324739100
57326242200
57326616400
57326638700
57328042900
57329280600
57330567400
57331343300
57336340700
57336485300
57338958100
57338989700
57343518800
57346638900
57349687500
57351778000
57351778100
57352520200
57353517100
57353543400
57353714200
57355855100
57355982500
57356143200
57356154300
57357166400
57357278900
57357625700
57357854900
57358631300
57362685000
57363179600
57363206700
57363909700
57364399200
57364736000
57364813100
57364813200
57368393300
57371288700
57373010100
57373438900
57375822600
57376863100
57382508300
57382957000
57384023600
57385095000
57385385100
57385520500
57390757300
57391371200
57397285300
57397332800
57404529300
57404548300
57404552500
57404688700
57404724600
57404729700
57404733100
57404881900
57404883000
57404886500
57404891300
57404893000
57404894600
57404895800
57405015300
57405016600
57405031700
57405044400
57405046500
57405047100
57405050200
57405173100
57405213300
57405335800
57405336400
57405338100
57405354600
57405361800
57405366700
57405367700
57405367800
57405381500
57405508100
57405519700
57405540500
57405603800
57405666000
57405688000
57405693800
57405717100
57406131000
57406146000
57406185400
57406246300
57406253100
57406729800
57406771300
57406900200
57407677700
57410016200
57413218700
57413863000
57414872900
57420415100
57421274800
57422727300
57422733600
57423389500
57423889900
57424091600
57424470000
57425217900
57427138000
57428692400
57429543000
57432211600
57432783800
57433829200
57435197500
57436931400
57437168300
57439070500
57440221900
57441568300
57441691900
57442188000
57443363200
57443563300
57443868400
57446310200
57451007900
57454212100
57454399200
57455253600
57456370200
57456715400
57456755100
57457421900
57459892800
57462211600
57462261400
57463985100
57464308600
57465195500
57465198500
57465205000
57465339300
57465487300
57465634100
57465791700
57468030600
57468055400
57468299800
57468674600
57469753200
57472844000
57473330400
57473356800
57474881900
57474952600
57475465700
57476162900
57477034300
57477152900
57478571900
57478847300
57478932800
57479672300
57480889700
57482978900
57485527400
57487240600
57488998700
57489094100
57489658500
57490652400
57491727900
57492979100
57497618000
57510479300
57514696700
57517364700
57517638300
57519482000
57527125500
57527878600
57528382100
57528483600
57534015700
57535555300
57536014400
57537955300
57539438700
57540808100
57542293300
57542498500
57546544200
57546763500
57547058300
57547497200
57550325900
57551901300
57554878300
57555342700
57556625800
57556824800
57558401300
57558461200
57558790800
57559539500
57559827400
57562155600
57566006000
57566496400
57569348200
57571187600
57573113000
57574193000
57574745200
57575618600
57575654400
57575822000
57577135700
57577612900
57578474100
57579317900
57580906000
57581389400
57605327500
57606288500
57608613400
57610058800
57610164900
57610215100
57619636700
57640501000
57643173000
57647105400
57652481400
57652868000
57653481200
57654030500
57657336800
57658940200
57660505100
57660838200
57665421300
57665745300
57666333500
57669795300
57670315400
57670317600
57671221000
57673557200
57677656000
57681265200
57683256100
57685976800
57686320900
57687427600
57689003800
57690453500
57694604100
57696887600
57698115500
57698606700
57698917400
57700208800
57702529200
57702856800
57705125700
57705260000
57705535100
57709697700
57710235500
57712650100
57712858600
57714331800
57714516000
57718455900
57719626700
57720803500
57724532000
57731441600
57733798600
57734588900
57735828700
57736568700
57736736800
57737056100
57738196000
57747020800
57748603800
57748933300
57752813400
57761865900
57761976300
57765941300
57766013100
57766349700
57768151100
57768265100
57769750200
57771979600
57772842100
57773035000
57773478000
57773717800
57773949000
57776020100
57776402900
57776482300
57776710200
57776829700
57778454100
57779555700
57782890800
57783532000
57787774500
57791966100
57795162800
57796095200
57797949300
57800026100
57803385200
57803914300
57807298800
57807463400
57808950600
57809162200
57809726700
57810120700
57810428700
57811174600
57814157200
57815729400
57815939500
57816078200
57817714000
57818573400
57818834500
57818868700
57819064200
57820942900
57821095300
57822120800
57822970800
57823582800
57824100700
57824413400
57825546400
57826376200
57828232500
57831239600
57833036500
57836318000
57837187500
57838377300
57842028400
57843838400
57844280000
57845650400
57845696600
57845737100
57846543400
57846767600
57846851600
57847950700
57850101100
57852041200
57853760800
57858022900
57858523300
57858628400
57859767600
57860701500
57861212800
57864344000
57864515600
57864630600
57866421800
57867958900
57869511000
57872165300
57872213200
57872277600
57872282000
57873085600
57873877700
57874739200
57875369000
57877266200
57878599500
57878969200
57879677400
57880499600
57881252700
57883381000
57883454500
57884768900
57885372200
57887482200
57887493300
57887507300
57889310800
57892091800
57892107700
57892152500
57892161800
57892165000
57892168800
57892170800
57892184700
57892234900
57892240600
57892242800
57892252000
57892254200
57892261000
57892275300
57892284000
57892318000
57892328900
57892342400
57892346200
57892347500
57892349700
57892357200
57892358800
57892359000
57892371600
57892374300
57892377100
57892377400
57892387200
57892387300
57892388300
57892392500
57893071500
57893395400
57897415100
57897423000
57897655000
57898536200
57899301300
57899614000
57902554400
57907081200
57907162400
57907305700
57908869500
57909765300
57909791000
57910462700
57911142200
57911595400
57911736200
57912131800
57913053900
57917114900
57918290900
57921153100
57923911700
57926666300
57929590300
57930298800
57930829800
57932517900
57932574300
57933718400
57937191600
57937220300
57937777200
57938194700
57939977600
57940447100
57943945100
57943945200
57944228400
57944416200
57944432500
57945514000
57945602800
57945612100
57945841500
57949517200
57949814800
57950230500
57950471600
57950723400
57953128400
57954889500
57955530900
57958350200
57959283900
57959558100
57960968400
57963080700
57963277000
57966375200
57967154900
57968372100
57973472900
57975517700
57977398300
57979370600
57979728100
57981269700
57981653500
57983390300
57983573000
57983644500
57984335800
57985416400
57986445200
57986446000
57986487900
57986493700
57986581900
57986588800
57986625400
57986746000
57987768500
57987881200
57987923200
57988774500
57988890900
57990696300
57991573500
57991682300
57992056900
57993328500
57993953500
57994241900
57994244200
57994588600
57994863200
57994915400
57996226200
57996860100
57997522100
57997531900
57998126700
58000347300
58000816000
58001010800
58017182900
58017738500
58018326900
58020369400
58020916500
58021951800
58023023900
58026507100
58027303700
58029147700
58030864500
58031308000
58031495400
58034502900
58036483100
58037958900
58039042600
58039753600
58039757300
58040318900
58041039500
58043389400
58046205000
58055046900
58055265600
58061722000
58063094400
58066243900
58066297500
58066742900
58066865700
58067634400
58068839000
58068904800
58070300700
58070667800
58071899100
58071949800
58072223800
58072237600
58073440200
58074273400
58074641900
58075326300
58084815900
58084831300
58086365000
58086916600
58087436900
58087485600
58087643900
58087728400
58087734400
58092148200
58092687800
58092740600
58092744700
58095663100
58095832200
58095994600
58096157400
58096404900
58102093100
58102502700
58104355100
58106391300
58106895900
58107046500
58108893400
58109494000
58109642000
58114204400
58114503400
58115065300
58115583400
58117945600
58119380100
58119452300
58119587000
58119781800
58123993100
58125540500
58128158500
58135279300
58136536300
58137714800
58138160200
58138189200
58138473400
58138612300
58138612400
58139673900
58140152100
58141097200
58141339100
58141425000
58141939800
58142189300
58142534200
58144603500
58146138000
58146651800
58146751200
58147453300
58148841400
58149371600
58156091400
58157737600
58158984700
58160929300
58161065800
58161571500
58165487000
58165611800
58166034400
58167972100
58169513100
58170212500
58170481300
58170858000
58170992800
58172044500
58173522600
58173774500
58176596800
58176987800
58177366900
58181294200
58182052900
58182622500
58183615000
58185467700
58185483400
58185703500
58187438900
58187471500
58187563500
58188544600
58189777300
58190771600
58192258900
58193525700
58196749700
58198338000
58198341900
58199686200
58199732700
58203282600
58205431300
58210029000
58221344500
58221379300
58235902700
58236843700
58238205600
58247280700
58249513000
58250255200
58250610900
58250953600
58251053000
58251161700
58251418800
58251673400
58251681600
58257994100
58260649200
58260820700
58261617300
58261889900
58262163500
58269167900
58271016000
58276419900
58283940900
58284421200
58285316600
58285373800
58287900200
58288148800
58288601300
58289306200
58295372600
58295374400
58295708400
58296197900
58296234200
58297532600
58297547700
58298004100
58299193300
58299436900
58300190200
58303077400
58303798200
58304336300
58304679200
58307324500
58308877300
58310372300
58311215200
58312487400
58314312900
58315297100
58315306400
58317040100
58317253700
58317905600
58322620300
58325452900
58329502400
58336857600
58338519400
58340503200
58341229600
58341282500
58342030300
58343694300
58343876900
58349748300
58355140300
58355866300
58356034400
58360282800
58363999100
58366513800
58368864500
58369817800
58386306300
58391356500
58393085900
58395990400
58396770800
58399110000
58401911600
58402474400
58403251000
58404103600
58404636000
58406600200
58417214500
58419231000
58419888700
58425945800
58426310400
58430183500
58437011200
58438300900
58451502200
58453608000
58459313100
58475519700
58475986400
58479473700
58481627400
58482520500
58483196000
58483205200
58484624700
58485704000
58485704500
58485834700
58485914600
58486570100
58486722200
58487202600
58488667000
58489470400
58493061200
58494544400
58498764900
58499143200
58499335800
58499335900
58500045300
58502809300
58503348100
58503430600
58508321700
58511473900
58511785700
58512356600
58513033200
58513064300
58515520400
58515674400
58515767000
58516702300
58518480200
58519257000
58519332700
58519360900
58520799800
58521249400
58521928500
58523848200
58527384600
58530571600
58530663700
58530845200
58535281300
58536670000
58540088800
58540177500
58540969400
58542660300
58545211300
58545264700
58547454100
58547521100
58549151800
58549812900
58551100600
58551212800
58551448500
58553676400
58555655100
58555748400
58556976700
58558171800
58558388900
58558870100
58559782600
58561343800
58561507900
58562445400
58564161400
58564295000
58564722500
58565014000
58566447600
58570265000
58570533000
58571177200
58572387600
58573976600
58576587900
58581035500
58581637200
58582243700
58587035900
58587881400
58588040700
58592753900
58593127400
58598557200
58599487100
58600094900
58600659600
58601121100
58601220500
58602324200
58602876300
58608468400
58609894900
58610063100
58610460500
58611907700
58612076900
58612581000
58612879700
58613259100
58614148500
58614602200
58615652900
58615663700
58616276800
58616302300
58617656000
58619989400
58620037700
58620613800
58620708100
58622909800
58624026100
58625752100
58625844400
58628522700
58629576400
58629705000
58629986700
58630249500
58630652400
58632769100
58633413200
58634112700
58635375000
58635932400
58636180800
58636333100
58637111600
58637502200
58637574800
58638256200
58644044500
58646784400
58646944200
58647055700
58650323400
58652122600
58655351400
58655823500
58656610800
58657255800
58660388500
58660738700
58662240400
58662325500
58662462600
58663327700
58663608600
58663718200
58663906800
58664051100
58664086200
58664093400
58664442200
58664645200
58664645300
58666146600
58667705200
58667840000
58669415400
58671077900
58671304000
58671481600
58671713900
58671792500
58675989700
58675994500
58676871700
58677480700
58679417200
58679686200
58680542200
58681980200
58682153500
58683062300
58683142400
58683183400
58683605000
58683613800
58684153200
58684416600
58684572800
58685044700
58685104300
58687363500
58688905300
58691277400
58691292700
58691572600
58692850500
58692859500
58693028300
58695111000
58698450800
58700064600
58700217600
58700581900
58701353900
58703742200
58703857200
58704103400
58704163500
58707228500
58708317700
58709445500
58711537700
58712041500
58713621600
58716963100
58719100000
58719556300
58722324400
58722418300
58722950700
58723555400
58725343600
58726112700
58727567100
58729562700
58730790900
58731801000
58736123400
58736525700
58738544100
58739334500
58739616600
58741246900
58742017300
58742167400
58742842300
58744709100
58745118400
58745755500
58745842000
58748856400
58749119500
58749455400
58753502100
58753775200
58755619500
58759067200
58759069800
58759123300
58759166700
58759288900
58759292300
58759324600
58759344300
58759378800
58759401600
58761350700
58761353900
58761379700
58761383100
58761429600
58761438600
58761443400
58761452000
58761454700
58761506700
58761507200
58761521900
58761523300
58761529100
58761529700
58761577200
58761581800
58761582100
58761585400
58761590600
58761591200
58761593500
58761600600
58761601300
58761601400
58761601600
58761608200
58761656500
58761657600
58761659400
58761682400
58761684800
58761726100
58761731800
58761732300
58761735400
58761800800
58761813200
58761835800
58761881600
58761882100
58761889800
58761898400
58761898700
58761903300
58761903400
58761904400
58762263700
58763440300
58763638000
58763680000
58764168100
58769444400
58770143900
58770151900
58770231300
58770831500
58770898500
58773406500
58774613300
58775409300
58776845600
58777013500
58778081500
58779704800
58781171700
58783227800
58784062000
58789076900
58789156900
58793002700
58796376000
58796546600
58796704200
58796796100
58796825200
58798961400
58803567400
58803658100
58805824700
58811296600
58811338600
58811350100
58811587000
58811685700
58811695100
58812456000
58816391900
58816898700
58817397300
58820851700
58820923500
58821493600
58821772300
58822555800
58823079600
58827420400
58827593100
58828415900
58831362800
58833713000
58834037700
58834823800
58834947000
58835243700
58836098600
58839294400
58843545800
58843658100
58845282700
58846639300
58846779400
58847910000
58849472500
58849863200
58850312900
58850438900
58850561400
58850793700
58850863300
58850872700
58850876100
58851577400
58852714900
58852968300
58853040600
58853107600
58853459000
58854721400
58855231600
58855541600
58856458300
58858140400
58859052600
58859118500
58861079700
58865814800
58866168800
58866401000
58868081300
58868086200
58868601100
58868748600
58870309300
58870924100
58873896900
58875727600
58876546700
58879556000
58880231100
58880455300
58880849500
58881457900
58881861100
58882247600
58882262000
58882392400
58882871800
58883851700
58884057000
58884071800
58884223200
58884276900
58884288400
58884497100
58884705500
58884847700
58884905900
58884913400
58885016900
58885129100
58886077800
58886104200
58886316700
58886383200
58886446200
58886454600
58886961300
58887874100
58890881400
58890881500
58893628400
58893652500
58893654800
58893706100
58893948100
58894035800
58894109700
58894167100
58895268300
58895904500
58895904600
58895958200
58896330000
58897129400
58897237200
58897966200
58898417900
58899149500
58899730200
58902874700
58903184100
58904263900
58904279500
58904366000
58904621800
58904753400
58906015800
58906713700
58908625000
58909409700
58909514100
58909618400
58913641500
58916676900
58917074500
58918893900
58922310300
58922782200
58924550300
58924639000
58924698500
58925055400
58925133600
58926677200
58927107900
58927638600
58928360100
58928707200
58928918700
58929141200
58929823200
58930068800
58930459900
58931263400
58932158500
58934409900
58937345500
58937993000
58938407000
58939933300
58940205300
58940313400
58943467000
58943901100
58944642900
58944788700
58945985200
58946107100
58946231500
58946231600
58946356600
58946394400
58946605200
58946605300
58947201200
58947999400
58948022100
58948037600
58948075500
58948077600
58950556200
58950574600
58950646200
58953316700
58954405900
58954938100
58956760200
58957947900
58959055600
58960112100
58960699600
58961842300
58962136400
58962578300
58965349300
58965968600
58966455400
58967211500
58967722200
58967724600
58972062800
58972994500
58973226600
58974206400
58975698300
58978355900
58983444600
58983603000
58983934200
58985379300
58987789500
58988939400
58990515100
58990644100
58991069200
58991168600
58993269100
58994203400
58997060700
58997553500
58997922000
59001915900
59002276700
59004098800
59004977500
59007036700
59007176300
59007516400
59008365100
59008616300
59008745200
59008811300
59008986900
59009973000
59010764700
59011520300
59012962600
59013950100
59032277300
59032876600
59035043900
59035551700
59035723700
59042819300
59045902900
59049337800
59050662300
59055948900
59060914900
59061836200
59063491700
59067002000
59068085600
59069105300
59069557000
59070490900
59079867900
59080986900
59090355500
59091037800
59095433000
59095993800
59096967900
59096969700
59097584200
59105901300
59107455800
59110024500
59110936000
59112645700
59121435300
59121435400
59121894500
59121967400
59122185900
59122301300
59122649600
59122709300
59123563600
59123585900
59123990000
59124170800
59124919100
59125782600
59127219200
59129153900
59132756000
59132756100
59132856100
59133031200
59134453600
59134513600
59134644700
59134913400
59135045600
59137715300
59138101400
59138177100
59138256000
59138679700
59139022300
59139725800
59140060900
59140148600
59140217600
59140772400
59141446300
59144589700
59145891000
59146049200
59147633700
59147765900
59147881000
59148421600
59148630500
59148758300
59149475700
59150234700
59152447500
59152780600
59152806200
59154016700
59154116000
59154458600
59154682000
59154842500
59155190600
59155497000
59155627300
59155689900
59155792600
59156754600
59157718100
59157746500
59157773500
59157849000
59162481000
59162614800
59162807900
59163383200
59163987300
59165842100
59167962100
59169232900
59170455000
59171147300
59171589700
59172083100
59172680100
59174214800
59177143900
59178744000
59180226600
59180839900
59183190000
59184954800
59185160800
59193174300
59193629200
59193657000
59194368400
59195053600
59197450100
59197754600
59199774200
59201711000
59201784700
59202692500
59203147100
59203376800
59203376900
59203377000
59204216400
59205979100
59206050600
59207239300
59208064500
59210147400
59210508900
59211204900
59212584100
59213015100
59213213900
59214043900
59214083300
59214360900
59214469000
59214753400
59214805200
59214947900
59216478000
59218143000
59218415700
59218562500
59218604100
59218670800
59218835600
59218965600
59218978600
59219105600
59219116800
59220177600
59220508800
59221930400
59222612700
59223601600
59223955100
59227725500
59229009300
59230076100
59231188000
59231618300
59234205000
59234639400
59235525000
59235799000
59235925600
59236681600
59237675800
59239915400
59241465700
59247011300
59247032200
59247342900
59252812700
59253773700
59257215900
59257697700
59258352700
59258472200
59258714500
59258845400
59258917000
59258975700
59259177900
59259459700
59259578400
59260659300
59263655700
59264369600
59270895500
59274290400
59276711300
59282465500
59284786700
59286748200
59288383000
59289175100
59290904400
59291859700
59294242800
59294242900
59294303000
59297252800
59297332600
59297747300
59298571800
59299879000
59300090300
59306754100
59307363500
59309287100
59314595200
59316898300
59317524100
59317698900
59317703300
59317705300
59317872700
59317872800
59317877000
59317880300
59318215100
59318402100
59319593800
59321909900
59322864800
59322912300
59324538800
59326326600
59332834800
59333298900
59337396600
59337714800
59337858800
59338163200
59340739600
59341206300
59341371700
59342648100
59343651100
59344247600
59344323900
59344402000
59344864500
59345196300
59345752500
59347521100
59352739400
59353642900
59353905500
59355430700
59358295700
59358444300
59358861400
59358861500
59359354300
59361835800
59365360100
59367045200
59369375300
59369767700
59369859000
59372670100
59373222600
59374305600
59376898800
59377690900
59377981600
59378573300
59379557500
59379804600
59383858100
59384307400
59384856400
59384856500
59384921000
59385375600
59386006300
59386994700
59388897400
59389221400
59389807200
59391711400
59392753500
59394500700
59396613300
59399361300
59399782100
59399854800
59399864200
59399864300
59399864400
59400185000
59401561100
59404126900
59405039300
59405039400
59405743200
59406062500
59409011900
59409595000
59410402300
59411650200
59414392700
59414393000
59416559300
59419500700
59419779000
59420761300
59424239300
59426629900
59429383800
59431273000
59433738700
59437522000
59443289700
59443963600
59445057100
59446499900
59446671500
59447536600
59448145600
59449600300
59450874700
59450910500
59451108300
59451387100
59452863800
59454048400
59456497900
59457869600
59458525700
59462222600
59462787200
59463671800
59464293200
59465879900
59466357300
59466963500
59467006900
59467076700
59469485100
59469563700
59469651700
59469963400
59470800100
59471525400
59478326400
59479040500
59479398600
59479578700
59479921700
59483480500
59483484200
59484359800
59484403400
59491524700
59493222600
59496409700
59498035000
59498418700
59499105200
59499241000
59500566400
59500831000
59500831100
59502395400
59502553300
59504289300
59504711000
59504973200
59506377200
59509484200
59509484300
59510021400
59510150300
59513432600
59513432700
59513434100
59513451300
59513451400
59513454200
59513454300
59513454400
59513454500
59513454600
59513456100
59513456300
59513456900
59513457000
59513457200
59513458000
59513459500
59513459600
59513461500
59513463100
59513463200
59513463300
59513463400
59513464700
59513465600
59513466600
59513467200
59513468000
59513468100
59513468700
59513468900
59513469200
59513469900
59513470000
59513470100
59513470800
59513471300
59513471400
59513471500
59513471800
59513472000
59513472200
59513474300
59513475000
59513475100
59513475400
59513475500
59513476200
59513476500
59513477100
59513477200
59513478300
59513478500
59513478600
59513480100
59513480700
59513483200
59513483400
59513483500
59513484200
59513485500
59513485900
59513486600
59513487900
59513489500
59513489600
59513489700
59513490000
59513490100
59513490400
59513490600
59513491900
59513492000
59513492100
59513492500
59513492700
59513493700
59513493800
59513494500
59513561700
59513561900
59513564000
59513564100
59513582900
59513583800
59513583900
59513584200
59513584300
59513586700
59513587000
59513587100
59513587200
59513587300
59513588400
59513588500
59513589600
59513589700
59513589800
59513589900
59513590600
59513590700
59513592200
59513592300
59513592400
59513599300
59513599400
59513601600
59513601700
59513602000
59513602300
59513603000
59513603400
59513604200
59513604300
59513605000
59513605600
59513605900
59513606400
59513606800
59513606900
59513608800
59513609300
59513609400
59513611700
59513612000
59513612100
59513614200
59513614400
59513615500
59513615700
59513617200
59513617900
59513618300
59513619300
59513619900
59513620400
59513620500
59513621200
59513621400
59513621700
59513621900
59513624300
59513624500
59513625200
59513625500
59513688200
59513692300
59513692400
59513692500
59513693900
59513694000
59513694100
59513712800
59513713600
59513713800
59513713900
59513714000
59513714800
59513714900
59513715500
59513716600
59513717300
59513717600
59513718900
59513719000
59513720100
59513720400
59513721500
59513723500
59513723600
59513726200
59513726300
59513726500
59513726600
59513729500
59513729800
59513730000
59513730600
59513731100
59513731200
59513731300
59513731500
59513731900
59513732200
59513732400
59513732700
59513732900
59513733100
59513733200
59513733300
59513733500
59513734200
59513734500
59513734600
59513734800
59513735000
59513735100
59513736000
59513736200
59513736400
59513736900
59513738500
59513738800
59513739000
59513739500
59513740500
59513740800
59513741000
59513741900
59513742500
59513742600
59513742800
59513743400
59513743700
59513743800
59513745000
59513745600
59513745800
59513746700
59513747700
59513748900
59513749000
59513749300
59513750400
59513750500
59513750600
59513750700
59513750800
59513751000
59513752300
59513752600
59513753000
59513753100
59513754600
59513754700
59513755000
59513755100
59513755600
59513756600
59513756700
59513771300
59513795200
59513824600
59513825700
59513828900
59513829000
59513829100
59513829200
59513831000
59513831200
59513850700
59513850800
59513852100
59513853600
59513853700
59513853900
59513854000
59513854700
59513854900
59513856000
59513856100
59513856200
59513856300
59513856400
59513857200
59513857300
59513858300
59513858500
59513859600
59513859800
59513859900
59513860000
59513860100
59513860200
59513863300
59513863400
59513863500
59513863900
59513865700
59513865900
59513866000
59513866700
59513867200
59513868000
59513868600
59513869100
59513869300
59513869400
59513869500
59513869800
59513870100
59513870200
59513870300
59513870600
59513870800
59513871000
59513872100
59513872200
59513872400
59513872500
59513873300
59513874000
59513874100
59513874300
59513874500
59513874600
59513875400
59513878600
59513879100
59513879200
59513880300
59513881100
59513881300
59513881400
59513881500
59513881700
59513883200
59513883500
59513884100
59513884500
59513884600
59513885400
59513887400
59513887600
59513887800
59513889600
59513889900
59513890000
59513890600
59513892000
59513892100
59513892700
59513893500
59513894100
59513894500
59513894900
59513895100
59513895600
59513896000
59513896300
59513934600
59513960500
59513964400
59513964500
59513964600
59513964700
59513964800
59513964900
59513966600
59513966700
59513966800
59513966900
59513967100
59513985100
59513985700
59513986300
59513986400
59513987700
59513987800
59513988600
59513989700
59513990300
59513990400
59513990500
59513990600
59513991200
59513991300
59513991400
59513992400
59513992500
59513992600
59513992700
59513993900
59513995600
59513997400
59513997800
59513997900
59513998100
59513998200
59513998700
59513999300
59514000100
59514000200
59514000300
59514000400
59514000500
59514000600
59514001200
59514001500
59514001700
59514002200
59514002300
59514002400
59514002800
59514004300
59514004400
59514004500
59514005900
59514006400
59514007300
59514007400
59514007700
59514009700
59514010800
59514011500
59514011600
59514012500
59514013800
59514015300
59514015900
59514016000
59514016200
59514017700
59514017900
59514020100
59514020800
59514021300
59514021400
59514022200
59514022300
59514022400
59514022800
59514022900
59514023500
59514024200
59514024300
59514024400
59514025400
59514025500
59514025900
59514026100
59514026400
59514026700
59514042300
59514093900
59514094100
59514096400
59514116700
59514116800
59514117900
59514119100
59514119200
59514119500
59514119700
59514119800
59514119900
59514120100
59514120200
59514120800
59514121000
59514121600
59514121700
59514121800
59514125000
59514125100
59514127300
59514127400
59514127500
59514127600
59514129400
59514129700
59514129800
59514130100
59514130200
59514130300
59514130600
59514130800
59514132000
59514132600
59514132700
59514132800
59514132900
59514133000
59514133400
59514133500
59514133700
59514134200
59514134400
59514135000
59514135500
59514135600
59514135900
59514136300
59514136400
59514136600
59514136700
59514136800
59514136900
59514137100
59514137800
59514138000
59514138500
59514138600
59514138800
59514139000
59514139100
59514139200
59514140900
59514141300
59514142000
59514142100
59514142700
59514143200
59514143300
59514145300
59514145700
59514147500
59514148100
59514148200
59514150400
59514150500
59514151400
59514152100
59514152200
59514152300
59514152500
59514153000
59514154200
59514154400
59514154700
59514155000
59514155900
59514156800
59514157000
59514157100
59514157600
59514157700
59514157800
59514158000
59514158100
59514158800
59514159200
59514159300
59514159500
59514159700
59514159900
59514160000
59514160500
59514227400
59514227500
59514227600
59514227700
59514227800
59514227900
59514228900
59514229000
59514229200
59514229300
59514248700
59514248900
59514250100
59514250400
59514251300
59514251400
59514252500
59514252600
59514253500
59514253600
59514253700
59514254800
59514255800
59514257300
59514257400
59514257600
59514257700
59514260200
59514260300
59514260400
59514262000
59514262300
59514262600
59514263100
59514263400
59514263800
59514264000
59514264900
59514265200
59514266200
59514266300
59514266500
59514266600
59514267000
59514267100
59514267200
59514267600
59514267700
59514267800
59514268300
59514268400
59514268700
59514269800
59514270000
59514270400
59514271400
59514272200
59514272500
59514275700
59514275800
59514275900
59514276200
59514276400
59514277200
59514277300
59514277900
59514278300
59514278700
59514279700
59514280200
59514281800
59514281900
59514282000
59514282100
59514283300
59514283700
59514284000
59514284100
59514284800
59514287600
59514287800
59514288000
59514348400
59514353600
59514358000
59514358100
59514358200
59514360000
59514360100
59514360300
59514360400
59514378500
59514379200
59514379400
59514379500
59514380600
59514381700
59514381800
59514383000
59514384200
59514384300
59514384400
59514384500
59514385500
59514385600
59514386200
59514391400
59514392900
59514393700
59514393800
59514394000
59514395200
59514395600
59514396400
59514396900
59514397200
59514397300
59514397700
59514398100
59514398200
59514398600
59514399100
59514399200
59514400300
59514402900
59514403000
59514404600
59514405000
59514405100
59514406000
59514407100
59514408000
59514410600
59514410800
59514411200
59514412500
59514412600
59514412700
59514414600
59514414700
59514414800
59514415000
59514415300
59514416400
59514416800
59514417100
59514418300
59514418500
59514419000
59514419200
59514419500
59514419600
59514420100
59514420200
59514420600
59514420700
59514420800
59514421100
59514421200
59515069900
59518844400
59519209800
59519875800
59521100600
59527608000
59528933300
59528966600
59528970700
59528973200
59528973400
59529010400
59529010800
59529014300
59529105000
59529105200
59529106800
59529107500
59529107600
59529108300
59529109300
59529152200
59529221300
59529251100
59529251600
59529254100
59529254500
59529254700
59529257300
59529299400
59529301800
59529401600
59529402500
59529403200
59529403700
59529403800
59529451100
59529451900
59529517700
59529549100
59529550000
59529551200
59529551300
59529552100
59529552700
59529555400
59529555600
59529556000
59529593100
59529594800
59529659700
59529691200
59529693200
59529694400
59529695300
59529696900
59529738600
59529738700
59529738800
59529740800
59529833400
59529833800
59529834600
59529835100
59529836700
59529838900
59529878200
59529880300
59529882500
59529882600
59529942600
59529976200
59529976500
59529978700
59529978800
59529979400
59529979500
59529979600
59529979900
59529980000
59530018100
59531065000
59531067200
59531067400
59531072400
59531072500
59531072600
59531072700
59531076500
59531078600
59531078700
59531081200
59531081500
59531086800
59531089800
59531090100
59531090300
59531090900
59531091200
59531091300
59531092200
59531093600
59531144900
59531146300
59531147700
59531228400
59531228600
59531233000
59531233600
59531240200
59531240400
59531240500
59531245900
59531248100
59531248400
59531251600
59531257000
59531258500
59531313700
59531397200
59531402400
59531404300
59531413400
59531415100
59531423500
59531478300
59531478600
59531543200
59531560600
59531563200
59531568400
59531571400
59531576800
59531581500
59531581900
59531583300
59531593300
59531594500
59531596500
59531734700
59531736800
59531742500
59531742900
59531745500
59531749400
59531749600
59531751300
59531751500
59531751700
59531753300
59531753400
59531756900
59531757000
59531762700
59531764600
59531767600
59531821500
59531824000
59531824100
59531900200
59531902200
59531908300
59531908500
59531908600
59531910600
59531910700
59531910800
59531912500
59531912900
59531913000
59531919300
59531920000
59531924100
59531926300
59531929400
59531933300
59531933600
59531988400
59532070000
59532072300
59532075700
59532078400
59532078800
59532080500
59532080600
59532080700
59532082100
59532087100
59532089200
59532089800
59532092600
59532094400
59532094500
59532096600
59532096900
59532098200
59532098700
59532156800
59532241700
59532253400
59532257800
59532257900
59532258000
59532258400
59532262100
59532263600
59532267600
59532267800
59532272100
59532326100
59532327500
59532329100
59542130800
59545491700
59546978300
59556496900
59557118000
59557311700
59557312600
59557313900
59557528300
59557730800
59563036300
59592893900
59593487600
59598380100
59598689700
59600444700
59605854200
59607671700
59613573400
59618087400
59625393100
59627031200
59628216100
59631228500
59632038000
59635075600
59662753600
59662793700
59662798200
59662823500
59662863100
59672685000
59672856500
59672893200
59673140600
59673164200
59673217100
59673462900
59673832100
59675592600
59676133800
59676181300
59676208800
59676244300
59676251100
59676360400
59676448500
59676474800
59676506500
59676580800
59676597600
59676737200
59676773400
59676811800
59676876200
59676918300
59676948700
59676963100
59677078800
59677116000
59677265800
59677293300
59677550900
59696759400
59699032200
59707695700
59709972000
59714530300
59714546700
59714612100
59714664600
59714664700
59714721300
59714735000
59714735100
59714806400
59714808000
59714808100
59714808200
59714937100
59714942400
59715008600
59715123300
59715125900
59715198600
59715198700
59715202800
59715295900
59715309200
59715319600
59715385100
59715393600
59715420300
59715444800
59715532900
59715578700
59715578800
59715583200
59715583300
59715586600
59715587700
59715615000
59715779800
59715781100
59715784800
59715789300
59715832300
59715846100
59715890500
59715908300
59715970200
59716017300
59716062700
59775155100
59783511200
59785376000
59793588800
59800170000
59808530500
59809648300
59810369400
59823049700
59823812100
59824936000
59828009500
59834595700
59836667500
59839750200
59845908100
59850955700
59856120200
59858876500
59865542700
59870477800
59875959600
59884531600
59884739600
59888502000
59890963400
59892340400
59936848000
59968527000
59972548000
60021066400
60029481400
60040220300
60082598300
60102919300
60126579400
