6506615965
6508343358
6602265257
6603631066
6603763357
6603918109
6701454413
6701653693
6701773594
7003583451
7003891255
7004279535
7004808967
7005516421
7102214802
7102253729
7102473373
7102842696
7103127989
7103323591
7201486740
7402446898
7402536772
7402653705
7403237779
7501614182
7501659234
8308152000
8326271500
8907555000
8970496000
9839336500
12445158100
13006975200
13605957700
14521750300
14619843000
15035515100
15725278100
15922139100
16025599200
16176790800
16402770900
21741532200
22950454000
22978927500
23090806600
23390953100
23470222100
23487800100
24479597400
24767363700
24778151300
24824392100
25645513700
26221967000
27467941800
34879711300
35068665400
35396396200
36018650200
36091095500
36167013900
36350646600
36476633700
36516078000
36572144400
36717398200
36802202100
36905332200
36917272600
37013572500
37068151700
49664472800
54390662600
54781639500
54791576500
54894010500
55009801500
55183316700
55203980200
55204891400
55210914600
55221218400
55466228100
55478999600
55488384200
55589684700
55719821000
55724600500
55802016200
55847745000
55903887600
55904315000
55976622500
56008207000
56259926900
56283966500
56316054700
56335546800
56377405900
56545252300
56561604200
56563988500
56572769800
56597097800
56826052200
56841070700
56872670500
57054849800
57125561300
57159246600
57189580298
57190190446
57191042265
57191965055
57192277066
57192661656
57193425078
57194349204
57194773835
57195258893
57196193682
57196344508
57198430801
57200146561
57200816338
57201263577
57201326160
57201907148
57201942926
57203209193
57204257748
57204425583
57204630506
57206214747
57206569524
57207116045
57207118006
57207167949
57207245133
57207585813
57208342398
57209072092
57210643237
57211040623
57211088328
57211345640
57211747209
57213592957
57215111735
57215505274
57215897340
57216820525
57218249771
57218251888
57218271121
57218590762
57218599713
57219948659
57220119218
57221340943
57221591180
57221674276
57222150870
57222381258
57224317522
57226020618
57226260967
57310876000
57356143200
57357166400
57364736000
57385520500
57405693800
57510479300
57540808100
57556625800
57573113000
57670315400
57671221000
57686320900
57694604100
57698115500
57892371600
57892377100
57892387300
57949814800
57981653500
58030864500
58070667800
58072223800
58138189200
58157737600
58176596800
58221379300
58300190200
58485834700
58499143200
58610063100
58614602200
58616276800
58637502200
58663718200
58675994500
58683183400
58695111000
58700581900
58761443400
58781171700
58796376000
58820851700
58820923500
58831362800
58897129400
58906015800
58909514100
58916676900
58924698500
58946394400
58946605200
58948022100
59049337800
59096969700
59125782600
59132756100
59154682000
59167962100
59195053600
59227725500
59317872800
59344402000
59388897400
59410402300
59513470000
59513471400
59513492500
59513614200
59513714900
59513742500
59513750500
59513752600
59513755600
59513859800
59513868600
59513872200
59513875400
59513934600
59513992700
59513995600
59513997400
59514007400
59514025500
59514119900
59514129800
59514138500
59514157100
59514158800
59514159300
59514227800
59514227900
59514229000
59514253600
59514257600
59514263800
59514278700
59514398200
59598689700
59677550900
