    6505930319
    6506383362
    6506628802
    6507169160
    6602131108
    6602889035
    6602914628
    6603118356
    6603396768
    6603531561
    6603570837
    6604075852
    6701761980
    6701785007
    6701792902
    6701843083
    7003504954
    7004338263
    7005133276
    7005669331
    7006885966
    7101854096
    7102418453
    7202805915
    7404232282
    7801632948
    8275985200
    8326653800
    8337683600
    8513448100
   12760002600
   12789840400
   13905791000
   14619027400
   14831622300
   15126505500
   15750305300
   15752052100
   16417274000
   18038101800
   18042653000
   22941066500
   23005793500
   23392894900
   23975190000
   24176491700
   24333334000
   24437186800
   24514250700
   24597215300
   24724261900
   25653400800
   25825473000
   26025840000
   26643026500
   34869961100
   34881840100
   35102550900
   35235208500
   35548021800
   35564865700
   35755458600
   35756880000
   36103332500
   36109898400
   36476988300
   36890787400
   36997956000
   37064557500
   44061804900
   48661178800
   52363248800
   54998002300
   55185053700
   55191373900
   55195530600
   55210881700
   55220932600
   55236538600
   55261061700
   55521551200
   55619989200
   55621544900
   55690645200
   55705495700
   55780368200
   55788214400
   55818708000
   55818750400
   55846765400
   55848801000
   55849733300
   55923579900
   56005365800
   56046296700
   56087790800
   56201363100
   56317034900
   56353080000
   56416889800
   56434308900
   56574854800
   56662504400
   56671378000
   56735267700
   56927394100
   56928040100
   56939363800
   57170500900
   57188970692
   57190138382
   57190261057
   57193137100
   57193313531
   57193326008
   57193994973
   57195415260
   57195572311
   57195735890
   57196978109
   57201903456
   57202380502
   57202847306
   57203042909
   57203436280
   57204061290
   57204103360
   57204116042
   57204279590
   57204631127
   57204961721
   57205326506
   57205570139
   57205697212
   57208114339
   57208338545
   57208543801
   57208861445
   57209266680
   57209319581
   57209572269
   57209583102
   57210450452
   57211310879
   57211513237
   57211514162
   57211578860
   57212024018
   57212173816
   57212756387
   57214228913
   57216539060
   57217057470
   57217684884
   57217867510
   57218879556
   57219292131
   57219454011
   57219485369
   57219488664
   57219756335
   57220176371
   57220642830
   57221215820
   57221266065
   57221294057
   57221800348
   57221813535
   57222180378
   57222385173
   57222956425
   57223126777
   57225684467
   57265055600
   57274252000
   57314694200
   57328661100
   57397633100
   57482017500
   57482671800
   57539788700
   57550975400
   57554605400
   57729918200
   57742870200
   57781050400
   57816009200
   57820817900
   57841140000
   57841765600
   57843211500
   57880106700
   57953039700
   57973667200
   57981451000
   57989108700
   58085304600
   58343189200
   58414961600
   58658045200
   58706404800
   58743613900
   58761022500
   58810953400
   58863358300
   59152012500
   59172480800
   59245171700
   59387570600
   59392937700
   59393070900
   59393207000
   59393208500
   59393326100
   59393624900
   59393758400
   59396500700
   59396507700
   59396509600
   59396633500
   59396639500
   59396761300
   59396762200
   59396768100
   59396892800
   59396899300
   59396901500
   59397022500
   59397030900
   59397158600
   59397277700
   59397285000
   59397288000
   59402047700
   59402050600
   59402716800
   59402717200
   59403206800
   59403207400
   59415581600
   59415691800
   59415818200
   59416055900
   59416248000
   59416409200
   60052684800